26
0 2501 8637 9989 3722 473 7054 953 3351 4919 8326 3536 9138 10323 4755 11047 2050 5605 9556 1995 5465 7606 6924 7378 6216 9881
2501 0 7022 8374 2107 2712 5439 1962 1736 3304 6711 1921 7523 8708 3140 9432 1783 3990 7941 1882 3850 5991 5309 5763 4601 8266
8637 7022 0 2410 5279 8848 2689 8098 6818 4730 1351 6547 1559 2744 4704 3468 7919 3500 1977 8018 4004 1493 2901 2697 4247 2302
9989 8374 2410 0 6631 10200 4041 9450 8170 6082 2703 7899 2531 1464 6056 2188 9271 4852 811 9370 5356 2845 4253 4049 5599 2056
3722 2107 5279 6631 0 3933 3696 3183 1903 1561 4968 1632 5780 6965 1397 7689 3004 2247 6198 3103 2107 4248 3566 4020 2858 6523
473 2712 8848 10200 3933 0 7265 1164 3562 5130 8537 3747 9349 10534 4966 11258 2261 5816 9767 2206 5676 7817 7135 7589 6427 10092
7054 5439 2689 4041 3696 7265 0 6515 5235 3147 2378 4964 3190 4375 3121 5099 6336 1917 3608 6435 2421 1658 1318 1430 2664 3933
953 1962 8098 9450 3183 1164 6515 0 2812 4380 7787 2997 8599 9784 4216 10508 1511 5066 9017 1456 4926 7067 6385 6839 5677 9342
3351 1736 6818 8170 1903 3562 5235 2812 0 3100 6507 1717 7319 8504 2936 9228 2633 3786 7737 2732 3646 5787 5105 5559 4397 8062
4919 3304 4730 6082 1561 5130 3147 4380 3100 0 4419 2829 5231 6416 986 7140 4201 1698 5649 4300 1558 3699 3017 3471 2309 5974
8326 6711 1351 2703 4968 8537 2378 7787 6507 4419 0 6236 1852 3037 4393 3761 7608 3189 2270 7707 3693 1182 2590 2386 3936 2595
3536 1921 6547 7899 1632 3747 4964 2997 1717 2829 6236 0 7048 8233 2665 8957 2818 3515 7466 2917 3375 5516 4834 5288 4126 7791
9138 7523 1559 2531 5780 9349 3190 8599 7319 5231 1852 7048 0 2865 5205 3589 8420 4001 2098 8519 4505 1994 3402 3198 4748 2423
10323 8708 2744 1464 6965 10534 4375 9784 8504 6416 3037 8233 2865 0 6390 906 9605 5186 1145 9704 5690 3179 4587 4383 5933 2390
4755 3140 4704 6056 1397 4966 3121 4216 2936 986 4393 2665 5205 6390 0 7114 4037 1672 5623 4136 1532 3673 2991 3445 2283 5948
11047 9432 3468 2188 7689 11258 5099 10508 9228 7140 3761 8957 3589 906 7114 0 10329 5910 1869 10428 6414 3903 5311 5107 6657 3114
2050 1783 7919 9271 3004 2261 6336 1511 2633 4201 7608 2818 8420 9605 4037 10329 0 4887 8838 1431 4747 6888 6206 6660 5498 9163
5605 3990 3500 4852 2247 5816 1917 5066 3786 1698 3189 3515 4001 5186 1672 5910 4887 0 4419 4986 972 2469 1787 2241 1215 4744
9556 7941 1977 811 6198 9767 3608 9017 7737 5649 2270 7466 2098 1145 5623 1869 8838 4419 0 8937 4923 2412 3820 3616 5166 1623
1995 1882 8018 9370 3103 2206 6435 1456 2732 4300 7707 2917 8519 9704 4136 10428 1431 4986 8937 0 4846 6987 6305 6759 5597 9262
5465 3850 4004 5356 2107 5676 2421 4926 3646 1558 3693 3375 4505 5690 1532 6414 4747 972 4923 4846 0 2973 2291 2745 1583 5248
7606 5991 1493 2845 4248 7817 1658 7067 5787 3699 1182 5516 1994 3179 3673 3903 6888 2469 2412 6987 2973 0 1870 1666 3216 2737
6924 5309 2901 4253 3566 7135 1318 6385 5105 3017 2590 4834 3402 4587 2991 5311 6206 1787 3820 6305 2291 1870 0 1642 2534 4145
7378 5763 2697 4049 4020 7589 1430 6839 5559 3471 2386 5288 3198 4383 3445 5107 6660 2241 3616 6759 2745 1666 1642 0 2988 3941
6216 4601 4247 5599 2858 6427 2664 5677 4397 2309 3936 4126 4748 5933 2283 6657 5498 1215 5166 5597 1583 3216 2534 2988 0 5491
9881 8266 2302 2056 6523 10092 3933 9342 8062 5974 2595 7791 2423 2390 5948 3114 9163 4744 1623 9262 5248 2737 4145 3941 5491 0
